1
1
1
29
1
17
1
35
5
1
1
107
41
1
1
177
5
21
1
15
1
197
5
1
1
51
1
17
1
5
9
1
87
1
5
27
99
1
9
1
95
15
1
1
5
101
11
1
1
45
189
1
9
1
1
5
1
9
1
5
1
11
17
81
1
41
1
1
11
1
9
5
1
21
1
1
107
1
77
5
1
269
1
11
5
1
1
27
9
1
1
5
329
1
35
1
9
5
195
1
1
69
1
45
1
5
101
11
17
1
1
15
1
1
21
11
9
1
5
1
1
5
1
357
77
1
1
249
9
1
15
1
45
5
1
9
1
11
1
197
1
15
17
5
1
69
1
5
1
9
1
29
255
1
11
1
5
429
1
1
111
5
11
1
189
1
17
477
1
41
1
5
9
29
1
15
1
27
1
17
1
11
1
5
1
21
1
5
1
135
9
1
1
27
15
1
1
9
105
21
5
1
17
1
11
1
39
1
261
5
1
29
1
57
5
1
81
1
95
9
1
45
1
5
1
1
5
11
21
1
1
39
9
1
69
1
5
11
15
1
9
1
1
71
1
1
5
1
87
1
5
1
221
1
1
9
11
1
179
1
105
5
1
81
1
15
1
21
1
17
9
5
1
11
1
35
5
1
65
1
39
99
11
1
21
1
5
29
1
15
1
5
9
1
497
1
101
1
1
5
35
27
1
1
431
1
11
1
315
59
279
1
5
1
1
5
1
51
17
9
15
1
57
1
11
1
1
21
41
5
1
15
1
71
9
1
227
1
27
5
1
9
1
17
5
1
29
1
35
11
59
1
407
1
5
15
1
9
1
27
5
365
39
1
347
1
9
1
1
5
45
1
1
21
1
239
1
351
9
1
5
1
11
1
5
1
29
15
1
191
1
17
1
27
1
165
15
5
1
11
1
21
1
189
1
9
29
5
11
1
1
5
1
1
309
17
1
35
1
5
1
77
1
11
5
9
1
59
1
15
125
1
11
1
5
57
1
1
311
9
1
35
1
249
29
21
1
5
1
11
27
1
5
1
17
371
1
1
225
1
9
1
15
39
5
1
41
1
9
195
1
1
5
1
99
1
5
1
1
9
15
1
231
1
5
51
1
21
1
179
5
65
41
1
15
1
1
1
5
17
165
9
1
21
1
11
1
1
9
57
315
35
1
5
1
15
1
5
1
71
51
171
1
11
1
17
1
489
1
81
9
5
1
1
65
1
17
1
221
261
5
1
39
1
59
5
1
45
1
11
15
1
9
1
5
1
11
1
5
15
27
1
17
1
29
1
9
1
5
1
1
9
17
1
41
1
45
21
27
1
5
1
81
29
1
5
1
9
87
51
1
1
15
365
1
39
1
345
11
5
1
1
137
459
1
99
1
11
5
9
1
1
5
1
15
1
9
27
1
1
5
21
1
57
1
15
5
1
227
1
35
11
1
129
1
5
9
45
1
1
255
1
29
1
15
1
5
1
9
1
5
1
267
35
11
1
9
1
71
1
1
65
5
1
45
1
99
1
9
1
11
39
5
1
1
9
5
1
11
1
29
17
69
1
1
5
81
1
51
1
5
107
1
1
11
291
1
59
1
5
29
1
1
17
1
21
1
15
41
9
1
5
1
129
1
5
1
9
281
11
1
21
1
27
1
1
447
11
155
5
1
1
57
1
1
41
5
1
17
1
27
5
1
1
65
39
1
71
1
5
9
1
1
87
5
147
29
1
9
1
441
269
1
1
5
189
95
209
1
11
1
57
69
1
9
1
39
17
11
1
5
1
9
1
5
1
15
461
1
455
1
1
35
1
11
9
149
5
1
27
1
1
11
1
5
15
1
1
21
5
1
1
17
45
9
1
15
1
5
41
1
1
9
5
17
1
1
95
1
1
5
239
179
27
1
1
489
15
1
1
195
9
81
1
5
1
1
5
1
11
21
1
1
29
9
1
1
377
17
5
1
9
1
1
87
1
15
5
77
1
41
1
5
1
9
1
129
15
21
1
57
1
5
1
1
71
5
59
149
1
11
1
1
17
1
5
9
11
1
1
39
1
69
1
27
35
1
5
1
15
1
5
1
11
9
1
17
1
51
1
11
1
9
5
1
39
1
45
17
1
15
1
5
1
21
1
11
5
1
27
1
15
147
9
179
1
1
5
137
1
1
41
5
17
57
1
171
1
221
9
1
1
5
11
15
1
9
1
1
429
1
29
11
485
1
5
1
35
1
5
1
21
99
1
1
9
51
1
45
1
17
29
57
5
1
1
11
1
81
1
9
5
17
1
59
1
39
5
1
1
21
101
1
11
1
5
1
1
45
5
51
9
1
177
1
21
1
165
1
5
15
29
345
1
209
1
41
87
1
1
11
17
15
65
1
5
1
351
1
5
1
35
9
29
1
81
1
365
21
1
1
39
227
5
1
1
11
9
1
1
57
5
1
9
1
15
5
1
17
1
249
101
45
1
149
1
5
1
9
1
5
11
51
1
29
1
9
1
15
1
5
11
21
1
17
1
1
107
1
15
9
27
1
5
1
315
17
1
5
1
41
1
35
1
59
11
1
1
155
27
5
1
1
1
1
9
5
39
1
11
1
5
1
21
1
197
41
11
1
1
5
1
125
1
5
9
1
21
1
275
15
1
1
5
27
71
1
1
9
1
11
1
17
69
1
5
1
419
1
5
1
27
417
17
1
1
11
1
9
1
15
5
1
1
9
1
1
21
5
1
1
5
1
1
81
9
11
35
1
1
5
1
27
1
69
5
1
51
1
135
41
1
29
1
5
21
9
1
1
15
1
1
9
437
39
1
5
1
17
11
1
5
1
189
177
1
345
1
65
281
1
15
1
45
9
5
1
11
1
1
1
15
5
11
1
77
1
5
1
59
1
105
1
9
1
5
35
1
1
11
5
21
15
1
1
27
17
1
9
1
5
65
1
15
1
9
1
1
41
1
5
1
11
107
1
5
1
9
17
21
1
39
1
15
1
1
51
29
5
1
1
35
1
1
275
5
9
1
1
195
5
1
1
9
11
29
1
27
1
5
71
1
1
17
5
69
1
1
1
21
1
5
9
17
1
1
81
11
1
39
1
111
87
1
5
1
45
9
1
5
1
65
221
27
1
9
1
1
41
1
137
51
5
1
1
15
371
1
9
1
35
17
5
1
101
1
9
5
1
1
11
