18446744073709551617
18446744073709551619
18446744073709551623
18446744073709551629
18446744073709551643
18446744073709551647
18446744073709551653
18446744073709551667
18446744073709551673
18446744073709551697
18446744073709551701
18446744073709551703
18446744073709551709
18446744073709551731
18446744073709551757
18446744073709551763
18446744073709551773
18446744073709551791
18446744073709551793
18446744073709551797
18446744073709551799
18446744073709551811
18446744073709551823
18446744073709551839
18446744073709551841
18446744073709551851
18446744073709551857
18446744073709551869
18446744073709551871
18446744073709551883
18446744073709551889
18446744073709551907
18446744073709551913
18446744073709551917
18446744073709551923
18446744073709551947
18446744073709551953
18446744073709551959
18446744073709551983
18446744073709551991
18446744073709551997
18446744073709552009
18446744073709552019
18446744073709552021
18446744073709552033
18446744073709552037
18446744073709552043
18446744073709552063
18446744073709552067
18446744073709552079
18446744073709552099
18446744073709552109
18446744073709552121
18446744073709552123
18446744073709552147
18446744073709552157
18446744073709552187
18446744073709552199
18446744073709552213
18446744073709552217
18446744073709552219
18446744073709552229
18446744073709552243
18446744073709552247
18446744073709552253
18446744073709552267
18446744073709552291
18446744073709552303
18446744073709552309
18446744073709552333
18446744073709552339
18446744073709552351
18446744073709552357
18446744073709552361
18446744073709552373
18446744073709552399
18446744073709552409
18446744073709552411
18446744073709552421
18446744073709552423
18446744073709552427
18446744073709552429
18446744073709552441
18446744073709552451
18446744073709552453
18446744073709552457
18446744073709552463
18446744073709552481
18446744073709552483
18446744073709552501
18446744073709552519
18446744073709552541
18446744073709552571
18446744073709552577
18446744073709552589
18446744073709552597
18446744073709552609
18446744073709552613
18446744073709552621
18446744073709552631
18446744073709552649
18446744073709552651
18446744073709552681
18446744073709552687
18446744073709552697
18446744073709552721
18446744073709552729
18446744073709552753
18446744073709552801
18446744073709552807
18446744073709552817
18446744073709552819
18446744073709552823
18446744073709552831
18446744073709552847
18446744073709552849
18446744073709552859
18446744073709552877
18446744073709552879
18446744073709552889
18446744073709552901
18446744073709552919
18446744073709552943
18446744073709552949
18446744073709552957
18446744073709552961
18446744073709552969
18446744073709552981
18446744073709552999
18446744073709553023
18446744073709553029
18446744073709553033
18446744073709553051
18446744073709553083
18446744073709553089
18446744073709553093
18446744073709553099
18446744073709553113
18446744073709553137
18446744073709553141
18446744073709553143
18446744073709553149
18446744073709553159
18446744073709553167
18446744073709553171
18446744073709553177
18446744073709553219
18446744073709553221
18446744073709553227
18446744073709553249
18446744073709553257
18446744073709553279
18446744073709553291
18446744073709553311
18446744073709553321
18446744073709553333
18446744073709553339
18446744073709553359
18446744073709553387
18446744073709553389
18446744073709553401
18446744073709553411
18446744073709553431
18446744073709553443
18446744073709553447
18446744073709553449
18446744073709553453
18446744073709553479
18446744073709553501
18446744073709553513
18446744073709553533
18446744073709553543
18446744073709553561
18446744073709553573
18446744073709553579
18446744073709553597
18446744073709553599
18446744073709553603
18446744073709553627
18446744073709553629
18446744073709553653
18446744073709553663
18446744073709553669
18446744073709553681
18446744073709553683
18446744073709553687
18446744073709553699
18446744073709553717
18446744073709553729
18446744073709553737
18446744073709553741
18446744073709553747
18446744073709553761
18446744073709553779
18446744073709553783
18446744073709553809
18446744073709553813
18446744073709553831
18446744073709553837
18446744073709553843
18446744073709553867
18446744073709553869
18446744073709553873
18446744073709553881
18446744073709553891
18446744073709553911
18446744073709553929
18446744073709553939
18446744073709553947
18446744073709553963
18446744073709553969
18446744073709553977
18446744073709553981
18446744073709553989
18446744073709554007
18446744073709554013
18446744073709554017
18446744073709554037
18446744073709554067
18446744073709554103
18446744073709554121
18446744073709554137
18446744073709554139
18446744073709554149
18446744073709554151
18446744073709554179
18446744073709554181
18446744073709554191
18446744073709554193
18446744073709554203
18446744073709554217
18446744073709554227
18446744073709554247
18446744073709554257
18446744073709554263
18446744073709554269
18446744073709554277
18446744073709554293
18446744073709554307
18446744073709554311
18446744073709554329
18446744073709554331
18446744073709554341
18446744073709554349
18446744073709554353
18446744073709554367
18446744073709554377
18446744073709554389
18446744073709554391
18446744073709554401
18446744073709554419
18446744073709554431
18446744073709554451
18446744073709554457
18446744073709554479
18446744073709554481
18446744073709554497
18446744073709554503
18446744073709554509
18446744073709554523
18446744073709554529
18446744073709554541
18446744073709554553
18446744073709554557
18446744073709554571
18446744073709554583
18446744073709554587
18446744073709554611
18446744073709554613
18446744073709554619
18446744073709554653
18446744073709554667
18446744073709554697
18446744073709554703
18446744073709554719
18446744073709554721
18446744073709554737
18446744073709554751
18446744073709554763
18446744073709554767
18446744073709554773
18446744073709554803
18446744073709554809
18446744073709554821
18446744073709554847
18446744073709554851
18446744073709554859
18446744073709554871
18446744073709554877
18446744073709554901
18446744073709554937
18446744073709554961
18446744073709554973
18446744073709554997
18446744073709555001
18446744073709555013
18446744073709555027
18446744073709555031
18446744073709555039
18446744073709555067
18446744073709555081
18446744073709555091
18446744073709555111
18446744073709555127
18446744073709555139
18446744073709555141
18446744073709555157
18446744073709555181
18446744073709555183
18446744073709555189
18446744073709555207
18446744073709555211
18446744073709555223
18446744073709555229
18446744073709555231
18446744073709555237
18446744073709555243
18446744073709555259
18446744073709555277
18446744073709555283
18446744073709555291
18446744073709555301
18446744073709555309
18446744073709555327
18446744073709555339
18446744073709555343
18446744073709555349
18446744073709555363
18446744073709555367
18446744073709555381
18446744073709555393
18446744073709555403
18446744073709555411
18446744073709555421
18446744073709555427
18446744073709555433
18446744073709555441
18446744073709555447
18446744073709555453
18446744073709555459
18446744073709555463
18446744073709555469
18446744073709555477
18446744073709555493
18446744073709555501
18446744073709555517
18446744073709555519
18446744073709555547
18446744073709555553
18446744073709555561
18446744073709555567
18446744073709555579
18446744073709555603
18446744073709555607
18446744073709555631
18446744073709555649
18446744073709555651
18446744073709555657
18446744073709555663
18446744073709555679
18446744073709555691
18446744073709555693
18446744073709555699
18446744073709555717
18446744073709555733
18446744073709555757
18446744073709555759
18446744073709555771
18446744073709555777
18446744073709555781
18446744073709555783
18446744073709555787
18446744073709555811
18446744073709555829
18446744073709555837
18446744073709555843
18446744073709555853
18446744073709555861
18446744073709555867
18446744073709555871
18446744073709555883
18446744073709555897
18446744073709555907
18446744073709555927
18446744073709555939
18446744073709555943
18446744073709555949
18446744073709555951
18446744073709555963
18446744073709555973
18446744073709555991
18446744073709555997
18446744073709556023
18446744073709556039
18446744073709556041
18446744073709556057
18446744073709556063
18446744073709556089
18446744073709556107
18446744073709556113
